//papirosim2
//bottom
-0.4  0.4 1.4    0.0  10.0
-0.4  0.4  1.6   0.0   0.0
-0.6  0.4  1.6  10.0   0.0
-0.4  0.4 1.4    0.0  10.0
-0.6  0.4 1.4   10.0  10.0
-0.6  0.4  1.6  10.0   0.0
//top
-0.4  0.6 1.4    0.0  10.0
-0.4  0.6  1.6   0.0   0.0
-0.6  0.6  1.6  10.0   0.0
-0.4  0.6 1.4    0.0  10.0
-0.6  0.6 1.4   10.0  10.0
-0.6  0.6  1.6  10.0   0.0

-0.4 0.6 1.4  0.0  10.0
-0.4 0.4 1.4  0.0   0.0
-0.6 0.4 1.4 10.0   0.0
-0.4 0.6 1.4  0.0  10.0
-0.6 0.6 1.4 10.0  10.0
-0.6 0.4 1.4 10.0   0.0

-0.4 0.6 1.6  0.0  10.0
-0.4 0.4 1.6  0.0   0.0
-0.6 0.4 1.6 10.0   0.0
-0.4 0.6 1.6  0.0  10.0
-0.6 0.6 1.6 10.0  10.0
-0.6 0.4 1.6 10.0   0.0

-0.4 0.6 1.4  0.0  10.0
-0.4 0.4 1.4  0.0   0.0
-0.4 0.4 1.6 10.0   0.0
-0.4 0.6 1.4  0.0  10.0
-0.4 0.6 1.6 10.0  10.0
-0.4 0.4 1.6 10.0   0.0

-0.6 0.6 1.4  0.0  10.0
-0.6 0.4 1.4  0.0   0.0
-0.6 0.4 1.6 10.0   0.0
-0.6 0.6 1.4  0.0  10.0
-0.6 0.6 1.6 10.0  10.0
-0.6 0.4 1.6 10.0   0.0