//papirosim1
//bottom
-0.1  -0.1  -0.1    0.0  1.0
-0.1  -0.1   0.1    0.0   0.0
 0.1  -0.1   0.1   1.0   0.0
-0.1  -0.1  -0.1    0.0  1.0
 0.1  -0.1  -0.1   1.0  1.0
 0.1  -0.1   0.1   1.0   0.0
//top
-0.1   0.1  -0.1    0.0  1.0
-0.1   0.1   0.1    0.0   0.0
 0.1   0.1   0.1   1.0   0.0
-0.1   0.1  -0.1    0.0  1.0
 0.1   0.1  -0.1   1.0  1.0
 0.1   0.1   0.1   1.0   0.0

-0.1   0.1  -0.1    0.0  1.0
-0.1  -0.1  -0.1    0.0   0.0
 0.1  -0.1  -0.1   1.0   0.0
-0.1   0.1  -0.1    0.0  1.0
 0.1   0.1  -0.1   1.0  1.0
 0.1  -0.1  -0.1   1.0   0.0

-0.1   0.1   0.1    0.0  1.0
-0.1  -0.1   0.1    0.0   0.0
 0.1  -0.1   0.1   1.0   0.0
-0.1   0.1   0.1    0.0  1.0
 0.1   0.1   0.1   1.0  1.0
 0.1  -0.1   0.1   1.0   0.0

-0.1   0.1  -0.1    0.0  1.0
-0.1  -0.1  -0.1    0.0   0.0
-0.1  -0.1   0.1   1.0   0.0
-0.1   0.1  -0.1    0.0  1.0
-0.1   0.1   0.1   1.0  1.0
-0.1  -0.1   0.1   1.0   0.0

0.1    0.1  -0.1    0.0  1.0
0.1   -0.1  -0.1    0.0   0.0
0.1   -0.1   0.1   1.0   0.0
0.1    0.1  -0.1    0.0  1.0
0.1    0.1   0.1   1.0  1.0
0.1   -0.1   0.1   1.0   0.0

0.1    0.1  -0.1    0.0  1.0
0.1   -0.1  -0.1    0.0   0.0
0.1   -0.1   0.1   1.0   0.0
0.1    0.1  -0.1    0.0  1.0
0.1    0.1   0.1   1.0  1.0
0.1   -0.1   0.1   1.0   0.0