// Floor 1
<<<<<<< HEAD
-3.0  0.0 -3.0 6.0 0.0
-3.0  0.0  3.0 0.0 0.0
 3.0  0.0  3.0 0.0 6.0
-3.0  0.0 -3.0 0.0 6.0
 3.0  0.0 -3.0 6.0 6.0
 3.0  0.0  3.0 6.0 0.0

 -3.0  0.0 -3.0 6.0 0.0
 -3.0  0.0  3.0 0.0 0.0
  3.0  0.0  3.0 0.0 6.0
 -3.0  0.0 -3.0 0.0 6.0
  3.0  0.0 -3.0 6.0 6.0
  3.0  0.0  3.0 6.0 0.0
=======
-3.0  0.0 -3.0 0.0 6.0
-3.0  0.0  3.0 0.0 0.0
 3.0  0.0  3.0 6.0 0.0
-3.0  0.0 -3.0 0.0 6.0
 3.0  0.0 -3.0 6.0 6.0
 3.0  0.0  3.0 6.0 0.0
>>>>>>> 8c26629465f73f68ae6aec0e8f22514dae4f4d42
