// Floor 1
-3.0  0.0 -3.0 0.0 6.0
-3.0  0.0  3.0 0.0 0.0
 3.0  0.0  3.0 6.0 0.0
-3.0  0.0 -3.0 0.0 6.0
 3.0  0.0 -3.0 6.0 6.0
 3.0  0.0  3.0 6.0 0.0

// Ceiling 1
-3.0  1.0 -3.0 0.0 6.0
-3.0  1.0  3.0 0.0 0.0
 3.0  1.0  3.0 6.0 0.0
-3.0  1.0 -3.0 0.0 6.0
 3.0  1.0 -3.0 6.0 6.0
 3.0  1.0  3.0 6.0 0.0

// left side
-3.0 1.0 3.0 0.0 1.0
-3.0 0.0 3.0 0.0 0.0
3.0 0.0 3.0 6.0 0.0
-3.0 1.0 3.0 0.0 1.0
3.0 1.0 3.0 6.0 1.0
3.0 0.0 3.0 6.0 0.0

//right side
-3.0 1.0 -3.0 0.0 1.0
-3.0 0.0 -3.0 0.0 0.0
3.0 0.0 -3.0 6.0 0.0
-3.0 1.0 -3.0 0.0 1.0
3.0 1.0 -3.0 6.0 1.0
3.0 0.0 -3.0 6.0 0.0

//bottom side
-3.0 1.0 -3.0 0.0 1.0
-3.0 0.0 -3.0 0.0 0.0
-3.0 0.0 3.0 6.0 0.0
-3.0 1.0 -3.0 0.0 1.0
-3.0 1.0 3.0 6.0 1.0
-3.0 0.0 3.0 6.0 0.0

//horizontal 5
-2.0 1.0 -1.0 0.0 1.0
-2.0 0.0 -1.0 0.0 0.0
-2.0 0.0 1.0 2.0 0.0
-2.0 1.0 -1.0 0.0 1.0
-2.0 1.0 1.0 2.0 1.0
-2.0 0.0 1.0  2.0 0.0

//horizontal 4_0
-1.0 1.0 -2.0 0.0 1.0
-1.0 0.0 -2.0 0.0 0.0
-1.0 0.0 0.0 2.0 0.0
-1.0 1.0 -2.0 0.0 1.0
-1.0 1.0 0.0 2.0 1.0
-1.0 0.0 0.0 2.0 0.0

//horizontal 4_1
-1.0 1.0 1.0 0.0 1.0
-1.0 0.0 1.0 0.0 0.0
-1.0 0.0 2.0 1.0 0.0
-1.0 1.0 1.0 0.0 1.0
-1.0 1.0 2.0 1.0 1.0
-1.0 0.0 2.0 1.0 0.0

//horizontal_3_0
0.0 1.0 -3.0 0.0 1.0
0.0 0.0 -3.0 0.0 0.0
0.0 0.0 -1.0 2.0 0.0
0.0 1.0 -3.0 0.0 1.0
0.0 1.0 -1.0 2.0 1.0
0.0 0.0 -1.0 2.0 0.0

//horizontal_3_1
0.0 1.0 0.0 0.0 1.0
0.0 0.0 0.0 0.0 0.0
0.0 0.0 2.0 2.0 0.0
0.0 1.0 0.0 0.0 1.0
0.0 1.0 2.0 2.0 1.0
0.0 0.0 2.0 2.0 0.0

//horizontal_2
1.0 1.0 0.0 0.0 1.0
1.0 0.0 0.0 0.0 0.0
1.0 0.0 1.0 1.0 0.0
1.0 1.0 0.0 0.0 1.0
1.0 1.0 1.0 1.0 1.0
1.0 0.0 1.0 1.0 0.0

//horizontal_1
2.0 1.0 -1.0 0.0 1.0
2.0 0.0 -1.0 0.0 0.0
2.0 0.0 0.0 1.0 0.0
2.0 1.0 -1.0 0.0 1.0
2.0 1.0 0.0 1.0 1.0
2.0 0.0 0.0 1.0 0.0

//horizontal_0
3.0 1.0 -2.0 0.0 1.0
3.0 0.0 -2.0 0.0 0.0
3.0 0.0 2.0 4.0 0.0
3.0 1.0 -2.0 0.0 1.0
3.0 1.0 2.0 4.0 1.0
3.0 0.0 2.0 4.0 0.0

// left side
//-3.0 1.0 3.0 0.0 1.0
//-3.0 0.0 3.0 0.0 0.0
//3.0 0.0 3.0 6.0 0.0
//-3.0 1.0 3.0 0.0 1.0
//3.0 1.0 3.0 6.0 1.0
//3.0 0.0 3.0 6.0 0.0

//vertical_5_0
-1.0 1.0 2.0 0.0 1.0
-1.0 0.0 2.0 0.0 0.0
3.0 0.0 2.0 4.0 0.0
-1.0 1.0 2.0 0.0 1.0
3.0 1.0 2.0 4.0 1.0
3.0 0.0 2.0 4.0 0.0

//vertical_5_1
-3.0 1.0 2.0 0.0 1.0
-3.0 0.0 2.0 0.0 0.0
-2.0 0.0 2.0 1.0 0.0
-3.0 1.0 2.0 0.0 1.0
-2.0 1.0 2.0 1.0 1.0
-2.0 0.0 2.0 1.0 0.0

//vertical_4_0
1.0 1.0 1.0 0.0 1.0
1.0 0.0 1.0 0.0 0.0
3.0 0.0 1.0 2.0 0.0
1.0 1.0 1.0 0.0 1.0
3.0 1.0 1.0 2.0 1.0
3.0 0.0 1.0 2.0 0.0

//vertical_4_1
-2.0 1.0 1.0 0.0 1.0
-2.0 0.0 1.0 0.0 0.0
-1.0 0.0 1.0 1.0 0.0
-2.0 1.0 1.0 0.0 1.0
-1.0 1.0 1.0 1.0 1.0
-1.0 0.0 1.0 1.0 0.0

//vertical_3
-1.0 1.0 0.0 0.0 1.0
-1.0 0.0 0.0 0.0 0.0
0.0 0.0 0.0 1.0 0.0
-1.0 1.0 0.0 0.0 1.0
0.0 1.0 0.0 1.0 1.0
0.0 0.0 0.0 1.0 0.0

//vertical_2
0.0 1.0 -1.0 0.0 1.0
0.0 0.0 -1.0 0.0 0.0
2.0 0.0 -1.0 2.0 0.0
0.0 1.0 -1.0 0.0 1.0
2.0 1.0 -1.0 2.0 1.0
2.0 0.0 -1.0 2.0 0.0

//vertical_1_0
1.0 1.0 -2.0 0.0 1.0
1.0 0.0 -2.0 0.0 0.0
3.0 0.0 -2.0 2.0 0.0
1.0 1.0 -2.0 0.0 1.0
3.0 1.0 -2.0 2.0 1.0
3.0 0.0 -2.0 2.0 0.0

//vertical_1_1
-2.0 1.0 -2.0 0.0 1.0
-2.0 0.0 -2.0 0.0 0.0
-1.0 0.0 -2.0 1.0 0.0
-2.0 1.0 -2.0 0.0 1.0
-1.0 1.0 -2.0 1.0 1.0
-1.0 0.0 -2.0 1.0 0.0
